10 0.0
10 0.0
10 0.0
12 0.0
12 0.0
12 0.0
13 0.0
13 0.0
13 0.0
14 0.0
14 0.0
14 0.0
15 0.0
15 0.0
15 0.0
20 0.0
20 0.0
20 0.0
50 0.0
50 0.0
50 0.0
100 0.0
100 0.0
100 0.0
500 0.1
500 0.1
500 0.1
1000 0.5
1000 0.5
1000 0.5
2000 2.0
2000 1.9
2000 1.8
3000 4.3
3000 4.3
3000 4.2
3000 4.3
5000 12.0
5000 12.1
5000 11.8
8000 31.2
8000 31.2
8000 30.4
10000 48.2
10000 48.7
10000 48.7
15000 109.9
15000 109.0
15000 109.8
20000 193.7
20000 197.0
20000 193.6
50000 1236.7
